#Layer_Color=65535
#
#Feature symbol names
#
$0 r10
$1 r9.8425
$2 r7.874

#
#Feature attribute names
#
@0 .nomenclature
@1 .string
@2 .string_angle

#
#Feature attribute text strings
#
&0 +

#
#Layer features
#
A -0.0570867 0.742126 -0.0570867 0.742126 -0.0728347 0.742126 2 P 0 N
A -0.1082049 -0.7242914 -0.1082049 -0.7242914 -0.1200159 -0.7242914 2 P 0 N
A -0.4211562 1.3072463 -0.4211562 1.3072463 -0.6603937 1.3072463 0 P 0 N
A -0.4625866 0.9474513 -0.4861694 0.9724408 -0.4861576 0.9488295 1 P 0 N
A -0.4861694 0.523622 -0.4625866 0.5486115 -0.4861576 0.5472333 1 P 0 N
A -0.6161928 0.9724408 -0.6397756 0.9474513 -0.6162046 0.9488295 1 P 0 N
A -0.6397756 0.5486115 -0.6161928 0.523622 -0.6162046 0.5472333 1 P 0 N
A 0.9285275 -0.7142914 0.9285275 -0.7142914 0.9236062 -0.7142914 1 P 0 N
A -0.9448817 0.6166439 -0.9527559 0.6245181 -0.9527559 0.6166439 1 P 0 N
A -0.9527655 0.3883069 -0.9448913 0.3961811 -0.9527655 0.3961811 1 P 0 N
A -0.9710468 0.4276771 -0.9710468 0.4276771 -0.9842519 0.4276771 1 P 0 N
A -0.9710468 0.5851575 -0.9710468 0.5851575 -0.9842519 0.5851575 1 P 0 N
A -1.003937 0.5064173 -1.003937 0.5064173 -1.0629921 0.5064173 1 P 0 N
A -1.1279528 0.4276771 -1.1279528 0.4276771 -1.1417323 0.4276771 1 P 0 N
A -1.1285272 0.5851575 -1.1285272 0.5851575 -1.1417323 0.5851575 1 P 0 N
A -1.1580867 -0.7142914 -1.1580867 -0.7142914 -1.163008 -0.7142914 1 P 0 N
A -1.1732187 0.6245277 -1.1810929 0.6166535 -1.1732187 0.6166535 1 P 0 N
A -1.1811025 0.3961907 -1.1732283 0.3883165 -1.1732283 0.3961907 1 P 0 N
L -0.0393701 -1.1417323 0.0393701 -1.1417323 1 P 0
L 0.0393701 -1.1712599 0.0590551 -1.1712599 1 P 0
L 0.0393701 -1.2007874 0.0590551 -1.2007874 1 P 0
L -0.0393701 -1.2204725 -0.0393701 -1.1417323 1 P 0
L -0.0393701 -1.2204725 0.0393701 -1.2211024 1 P 0
L 0.0393701 -1.2211024 0.0393701 -1.1417323 1 P 0
L -0.0433071 0.9094489 0.0433071 0.9094489 2 P 0
L 0.0433071 0.9094489 0.0433071 1.0590551 2 P 0
L -0.0433071 0.9094489 -0.0433071 1.0590551 2 P 0
L -0.0433071 1.0590551 0.0433071 1.0590551 2 P 0
L 0.0590551 -1.2007874 0.0590551 -1.1712599 1 P 0
L 0.1122047 0.5570866 0.1122047 0.7814961 2 P 0
L -0.1122048 0.5570866 0.1122047 0.5570866 2 P 0
L -0.1122048 0.5570866 -0.1122048 0.7814961 2 P 0
L -0.1122048 0.7814961 0.1122047 0.7814961 2 P 0
L 0.1141732 0.2795276 0.1141732 0.4291338 2 P 0
L 0.1141732 0.2795276 0.2007874 0.2795276 2 P 0
L 0.1141732 0.4291338 0.2007874 0.4291338 2 P 0
L 0.1141732 0.9094489 0.1141732 1.0590551 2 P 0
L -0.1141732 0.9094489 -0.1141732 1.0590551 2 P 0
L 0.1141732 0.9094489 0.2007874 0.9094489 2 P 0
L 0.1141732 1.0590551 0.2007874 1.0590551 2 P 0
L 0.1499841 -0.7598426 0.1499841 -0.5787402 1 P 0
L -0.1502128 -0.5787402 0.1499841 -0.5787402 1 P 0
L -0.1502128 -0.7598426 0.1499841 -0.7598426 1 P 0
L -0.1502128 -0.7598426 -0.1502128 -0.5787402 1 P 0
L -0.1673228 -1.0137796 0.1673228 -1.0137796 1 P 0
L 0.1673228 -1.3484252 0.1673228 -1.0137796 1 P 0
L -0.1673228 -1.3484252 -0.1673228 -1.0137796 1 P 0
L -0.1673228 -1.3484252 0.1673228 -1.3484252 1 P 0
L 0.1929134 -0.476378 0.2795276 -0.476378 2 P 0
L -0.1929134 -0.6259842 -0.1929134 -0.476378 2 P 0
L 0.1929134 -0.6259842 0.1929134 -0.476378 2 P 0
L 0.1929134 -0.6259842 0.2795276 -0.6259842 2 P 0
L 0.1929134 -0.6535434 0.2795276 -0.6535434 2 P 0
L 0.1929134 -0.8031496 0.1929134 -0.6535434 2 P 0
L -0.1929134 -0.8031496 -0.1929134 -0.6535434 2 P 0
L 0.1929134 -0.8031496 0.2795276 -0.8031496 2 P 0
L -0.1948819 1.1259842 0.1948819 1.1259842 0 P 0
L 0.1948819 1.1259842 0.1948819 1.3149606 0 P 0
L -0.1948819 1.1259842 -0.1948819 1.3149606 0 P 0
L -0.1948819 1.3149606 0.1948819 1.3149606 0 P 0
L 0.2007874 0.2795276 0.2007874 0.4291338 2 P 0
L -0.2007874 0.9094489 -0.1141732 0.9094489 2 P 0
L 0.2007874 0.9094489 0.2007874 1.0590551 2 P 0
L -0.2007874 0.9094489 -0.2007874 1.0590551 2 P 0
L -0.2007874 1.0590551 -0.1141732 1.0590551 2 P 0
L -0.2204724 -1.2972445 -0.2204724 -1.0649607 1 P 0
L 0.2401575 0.4685039 0.2401575 0.5551181 2 P 0
L 0.2401575 0.4685039 0.3897637 0.4685039 2 P 0
L 0.2401575 0.5551181 0.3897637 0.5551181 2 P 0
L 0.2401575 0.7834646 0.2401575 0.8700788 2 P 0
L 0.2401575 0.7834646 0.3897637 0.7834646 2 P 0
L 0.2401575 0.8700788 0.3897637 0.8700788 2 P 0
L -0.2559214 0.989252 -0.2559214 1.028622 2 P 0
L -0.2598426 0.4685039 -0.2598426 0.5551181 2 P 0
L -0.2598426 0.7834646 -0.2598426 0.8700788 2 P 0
L -0.2795276 -0.476378 -0.1929134 -0.476378 2 P 0
L -0.2795276 -0.6259842 -0.1929134 -0.6259842 2 P 0
L -0.2795276 -0.6259842 -0.2795276 -0.476378 2 P 0
L 0.2795276 -0.6259842 0.2795276 -0.476378 2 P 0
L -0.2795276 -0.6535434 -0.1929134 -0.6535434 2 P 0
L -0.2795276 -0.8031496 -0.1929134 -0.8031496 2 P 0
L 0.2795276 -0.8031496 0.2795276 -0.6535434 2 P 0
L -0.2795276 -0.8031496 -0.2795276 -0.6535434 2 P 0
L -0.3740316 0.989252 -0.2559214 0.989252 2 P 0
L -0.3740316 0.989252 -0.2559214 0.989252 2 P 0
L -0.3740316 0.989252 -0.3740316 1.028622 2 P 0
L -0.3740316 1.028622 -0.2559214 1.028622 2 P 0
L 0.3897637 0.4685039 0.3897637 0.5551181 2 P 0
L 0.3897637 0.7834646 0.3897637 0.8700788 2 P 0
L -0.4094488 0.4685039 -0.2598426 0.4685039 2 P 0
L -0.4094488 0.4685039 -0.4094488 0.5551181 2 P 0
L -0.4094488 0.5551181 -0.2598426 0.5551181 2 P 0
L -0.4094488 0.7834646 -0.2598426 0.7834646 2 P 0
L -0.4094488 0.7834646 -0.4094488 0.8700788 2 P 0
L -0.4094488 0.8700788 -0.2598426 0.8700788 2 P 0
L -0.4094488 -1.0649603 -0.2204724 -1.0649603 1 P 0
L -0.4094488 -1.2972445 -0.2204724 -1.2972445 1 P 0
L -0.4094488 -1.2972445 -0.4094488 -1.0649607 1 P 0
L 0.4249054 -0.6003938 0.8349054 -0.6003938 1 P 0
L 0.4249054 -0.738189 0.4249054 -0.6003938 1 P 0
L 0.4249054 -0.738189 0.8349054 -0.738189 1 P 0
L -0.4249372 -0.738189 -0.4249372 -0.6003938 1 P 0
L -0.4625984 0.5486115 -0.4625984 0.9480314 1 P 0
L 0.5632258 0.579803 0.5632258 0.6664172 2 P 0
L 0.5632258 0.579803 0.712832 0.579803 2 P 0
L 0.5632258 0.6664172 0.712832 0.6664172 2 P 0
L 0.5705905 1.5117323 1.1611417 1.5117323 0 P 0
L 0.5708661 0.7598425 1.1614173 0.7598425 0 P 0
L 0.5708661 1.5117323 0.5711417 0.7617323 0 P 0
L -0.6162046 0.523622 -0.4861694 0.523622 1 P 0
L -0.6162046 0.9724408 -0.4861694 0.9724408 1 P 0
L -0.6397638 0.5486115 -0.6397638 0.9480314 1 P 0
L 0.6653384 -0.9881891 0.7519526 -0.9881891 2 P 0
L 0.6653384 -1.1377953 0.6653384 -0.9881891 2 P 0
L 0.6653384 -1.1377953 0.7519526 -1.1377953 2 P 0
L -0.6653702 -1.1377953 -0.6653702 -0.9881891 2 P 0
L 0.6711417 0.8167323 0.7211417 0.8167323 0 P 0
L -0.7047244 0.5255906 -0.7047244 0.6751968 2 P 0
L -0.7047244 0.8208662 -0.7047244 0.9704724 2 P 0
L 0.712832 0.579803 0.712832 0.6664172 2 P 0
L 0.7211417 0.8167323 0.7211417 0.9667323 0 P 0
L 0.7211417 0.9667323 0.7911417 0.9667323 0 P 0
L 0.7519526 -1.1377953 0.7519526 -0.9881891 2 P 0
L -0.7519844 -0.9881891 -0.6653702 -0.9881891 2 P 0
L -0.7519844 -1.1377953 -0.6653702 -1.1377953 2 P 0
L -0.7519844 -1.1377953 -0.7519844 -0.9881891 2 P 0
L 0.7600762 0.579803 0.7600762 0.6664172 2 P 0
L 0.7600762 0.579803 0.9096824 0.579803 2 P 0
L 0.7600762 0.6664172 0.9096824 0.6664172 2 P 0
L 0.7755746 -0.9990159 0.8484093 -0.9330709 0 P 0
L 0.7755746 -1.0629922 0.7755746 -0.9990159 0 P 0
L 0.7755746 -1.1929135 0.7755746 -1.0629922 0 P 0
L 0.7755746 -1.1929135 1.0324644 -1.1929135 0 P 0
L -0.7785592 -1.1929135 -0.7785592 -0.9921261 0 P 0
L 0.7911417 0.8167323 0.7911417 0.9667323 0 P 0
L 0.7911417 0.8167323 0.8561417 0.8167323 0 P 0
L -0.7913386 0.5255906 -0.7047244 0.5255906 2 P 0
L -0.7913386 0.5255906 -0.7913386 0.6751968 2 P 0
L -0.7913386 0.6751968 -0.7047244 0.6751968 2 P 0
L -0.7913386 0.8208662 -0.7047244 0.8208662 2 P 0
L -0.7913386 0.8208662 -0.7913386 0.9704724 2 P 0
L -0.7913386 0.9704724 -0.7047244 0.9704724 2 P 0
L 0.8250368 0.6034251 0.8250368 0.6427951 2 P 0
L 0.8250368 0.6231101 0.8447218 0.6427951 2 P 0
L 0.8250369 0.6231101 0.8447219 0.6034251 2 P 0
L 0.8349054 -0.738189 0.8349054 -0.6003938 1 P 0
L -0.8349372 -0.6003938 -0.4249372 -0.6003938 1 P 0
L -0.8349372 -0.738189 -0.4249372 -0.738189 1 P 0
L -0.8349372 -0.738189 -0.8349372 -0.6003938 1 P 0
L -0.8371222 -0.9330709 -0.7785592 -0.9921261 0 P 0
L 0.8447219 0.603425 0.8447219 0.6427951 2 P 0
L 0.8484093 -0.9330709 0.9734093 -0.9330709 0 P 0
L 0.8517857 -0.9853732 0.8517857 -0.968504 2 P 0 ;0,1=0,2=180.000000
L 0.8561417 0.8167323 0.8561417 0.9667323 0 P 0
L 0.8561417 0.9667323 0.9261417 0.9667323 0 P 0
L 0.8602203 -0.9769386 0.8433511 -0.9769386 2 P 0 ;0,1=0,2=180.000000
L 0.8917164 -0.5964568 1.155496 -0.5964568 2 P 0
L 0.8917164 -0.742126 0.8917164 -0.5964568 2 P 0
L 0.8917164 -0.742126 1.155496 -0.742126 2 P 0
L 0.9096824 0.579803 0.9096824 0.6664172 2 P 0
L 0.9261417 0.8167323 0.9261417 0.9667323 0 P 0
L 0.9261417 0.8167323 0.9911417 0.8167323 0 P 0
L -0.9311182 -0.742126 -0.9311182 -0.5964568 2 P 0
L -0.9448818 0.3961811 -0.9448818 0.6166535 1 P 0
L -0.9508033 -0.9769386 -0.9676725 -0.9769386 2 P 0 ;0,1=0,2=180.000000
L 0.9569265 0.579803 0.9569265 0.6664172 2 P 0
L 0.9569265 0.579803 1.1065327 0.579803 2 P 0
L 0.9569265 0.6664172 1.1065327 0.6664172 2 P 0
L -0.9592379 -0.9853732 -0.9592379 -0.968504 2 P 0 ;0,1=0,2=180.000000
L -0.9626143 -0.9330709 -0.8376143 -0.9330709 0 P 0
L -0.9645669 1.1417323 -0.9645669 1.4566929 1 P 0
L 0.9739014 -0.9330709 1.0324644 -0.9921261 0 P 0
L -0.988189 0.7440945 -0.988189 0.8307087 2 P 0
L -0.988189 0.8622047 -0.988189 0.9488189 2 P 0
L 0.9911417 0.8167323 0.9911417 0.9667323 0 P 0
L 0.9911417 0.9667323 1.0411417 0.9667323 0 P 0
L 1.0324644 -1.1929135 1.0324644 -0.9921261 0 P 0
L -1.035449 -0.9990159 -0.9626143 -0.9330709 0 P 0
L -1.035449 -1.0629922 -1.035449 -0.9990159 0 P 0
L -1.035449 -1.1929135 -0.7785592 -1.1929135 0 P 0
L -1.035449 -1.1929135 -1.035449 -1.0629922 0 P 0
L 1.0511652 -0.9990159 1.1239999 -0.9330709 0 P 0
L 1.0511652 -1.0629922 1.0511652 -0.9990159 0 P 0
L 1.0511652 -1.1929135 1.0511652 -1.0629922 0 P 0
L 1.0511652 -1.1929135 1.308055 -1.1929135 0 P 0
L -1.0541498 -1.1929135 -1.0541498 -0.9921261 0 P 0
L 1.1065327 0.579803 1.1065327 0.6664172 2 P 0
L -1.1127128 -0.9330709 -1.0541498 -0.9921261 0 P 0
L 1.1239999 -0.9330709 1.2489999 -0.9330709 0 P 0
L 1.1273763 -0.9853732 1.1273763 -0.968504 2 P 0 ;0,1=0,2=180.000000
L 1.1358109 -0.9769386 1.1189417 -0.9769386 2 P 0 ;0,1=0,2=180.000000
L -1.1377952 0.7440945 -0.988189 0.7440945 2 P 0
L -1.1377952 0.7440945 -1.1377952 0.8307087 2 P 0
L -1.1377952 0.8307087 -0.988189 0.8307087 2 P 0
L -1.1377952 0.8622047 -0.988189 0.8622047 2 P 0
L -1.1377952 0.8622047 -1.1377952 0.9488189 2 P 0
L -1.1377952 0.9488189 -0.988189 0.9488189 2 P 0
L 1.155496 -0.742126 1.155496 -0.5964568 2 P 0
L 1.1608661 1.5117323 1.1611417 0.7617323 0 P 0
L -1.1614173 1.1417323 -0.9645669 1.1417323 1 P 0
L -1.1614173 1.1417323 -1.1614173 1.4566929 1 P 0
L -1.1614173 1.4566929 -0.9645669 1.4566929 1 P 0
L -1.1732283 0.388307 -0.9527559 0.388307 1 P 0
L -1.1732283 0.6245274 -0.9527559 0.6245274 1 P 0
L -1.1811022 0.3961907 -1.1811022 0.6166535 1 P 0
L -1.1948978 -0.5964568 -0.9311182 -0.5964568 2 P 0
L -1.1948978 -0.742126 -0.9311182 -0.742126 2 P 0
L -1.1948978 -0.742126 -1.1948978 -0.5964568 2 P 0
L -1.2263939 -0.9769386 -1.2432631 -0.9769386 2 P 0 ;0,1=0,2=180.000000
L -1.2348285 -0.9853732 -1.2348285 -0.968504 2 P 0 ;0,1=0,2=180.000000
L -1.2382049 -0.9330709 -1.1132049 -0.9330709 0 P 0
L 1.249492 -0.9330709 1.308055 -0.9921261 0 P 0
L 1.308055 -1.1929135 1.308055 -0.9921261 0 P 0
L -1.3110396 -0.9990159 -1.2382049 -0.9330709 0 P 0
L -1.3110396 -1.0629922 -1.3110396 -0.9990159 0 P 0
L -1.3110396 -1.1929135 -1.0541498 -1.1929135 0 P 0
L -1.3110396 -1.1929135 -1.3110396 -1.0629922 0 P 0
L 1.3346298 -0.9881891 1.421244 -0.9881891 2 P 0
L 1.3346298 -1.1377953 1.3346298 -0.9881891 2 P 0
L 1.3346298 -1.1377953 1.421244 -1.1377953 2 P 0
L -1.3346616 -1.1377953 -1.3346616 -0.9881891 2 P 0
L 1.421244 -1.1377953 1.421244 -0.9881891 2 P 0
L -1.4212758 -0.9881891 -1.3346616 -0.9881891 2 P 0
L -1.4212758 -1.1377953 -1.3346616 -1.1377953 2 P 0
L -1.4212758 -1.1377953 -1.4212758 -0.9881891 2 P 0
S P 0
OB -1.1220456 0.5064158 I
OS -1.1220458 0.5122323
OS -1.1197766 0.5236417
OS -1.115325 0.5343891
OS -1.1088622 0.5440616
OS -1.1006365 0.5522872
OS -1.0909641 0.5587501
OS -1.0802167 0.5632016
OS -1.0688073 0.5654708
OS -1.0629908 0.5654706
OS -1.0629912 0.5654712
OS -1.057175 0.5654714
OS -1.0457661 0.5632023
OS -1.0350191 0.5587509
OS -1.0253471 0.5522884
OS -1.0171217 0.5440631
OS -1.0106592 0.5343911
OS -1.0062077 0.5236442
OS -1.0039385 0.5122353
OS -1.0039387 0.5064191
OS -1.0039386 0.5064192
OS -1.0039377 0.5024809
OS -1.0039378 0.4970523
OS -1.006056 0.4864038
OS -1.0102109 0.4763731
OS -1.0162426 0.4673455
OS -1.0239195 0.4596681
OS -1.0329465 0.4536356
OS -1.042977 0.4494801
OS -1.0536253 0.447361
OS -1.0590539 0.4473605
OS -1.0590539 0.4473605
OS -1.0629925 0.4473617
OS -1.0688087 0.4473621
OS -1.0802174 0.4496321
OS -1.0909641 0.454084
OS -1.1006359 0.4605468
OS -1.1088611 0.4687722
OS -1.1153238 0.4784441
OS -1.1197755 0.4891909
OS -1.1220453 0.5005996
OS -1.1220456 0.5064158
OS -1.1220456 0.5064158
OE
SE
